68,68,68,68,68,68,68,68,68,68,68,68,68,68,68,68,
68,68,68,68,68,68,68,68,68,68,68,68,68,68,68,68,
68,68,69,15,15,15,15,15,15,15,15,15,15,15,15,15,
68,68,15,32,15,15,32,15,15,32,15,15,32,15,15,15,
68,68,15,15,15,15,15,15,15,15,15,15,15,15,15,15,
68,68,15,32,15,15,32,15,15,32,15,15,32,15,15,15,
68,68,15,15,15,15,15,15,15,15,15,15,15,15,15,15,
68,68,15,32,15,15,32,15,15,32,15,15,32,15,15,15,
68,68,15,15,15,15,15,15,15,15,15,15,15,15,15,15,
68,68,15,15,15,15,15,15,15,15,15,15,15,15,50,50,
68,68,15,15,15,15,15,15,15,15,15,15,15,15,68,68

1
market

3
fat_dog-o 2 9 3 9 8
octorok-b 1 12 6
