56,56,56,56,56,56,56,56,56,56,56,56,56,56,56,56,
56,56,56,56,56,56,56,56,56,56,56,137,56,56,56,56,
56,56,56,57,3,3,3,3,3,3,3,3,3,3,3,3,
56,56,57,3,3,4,6,3,4,6,3,3,3,3,3,3,
56,57,3,3,3,22,24,3,22,24,3,3,3,3,3,3,
56,3,3,3,3,3,3,3,3,3,3,3,3,3,3,3,
56,39,3,3,3,3,4,6,3,4,6,3,3,3,3,3,
56,56,39,3,3,3,22,24,3,22,24,3,3,3,3,3,
56,56,56,39,3,3,3,3,3,3,3,3,3,3,3,3,
56,56,56,56,38,38,38,38,38,38,38,38,38,38,38,38,
56,56,56,56,56,56,56,56,56,56,56,56,56,56,56,56

1
market

7
fat_dog-o 1 16 6
octorok-b 2 4 7 13 7
octorok-b 2 14 7 5 6
fat_dog-o 2 15 3 5 3
