68,68,68,68,68,68,68,68,68,68,68,68,68,68,14,14,
68,68,68,68,68,68,68,68,68,68,68,68,68,68,14,14,
15,15,15,15,15,15,15,15,15,15,15,15,15,15,14,14,
15,15,15,32,15,15,32,15,15,32,15,15,32,15,14,14,
15,15,15,15,15,15,15,15,15,15,15,15,15,15,14,14,
15,15,15,32,15,15,32,15,15,32,15,15,32,15,14,14,
15,15,15,15,15,15,15,15,15,15,15,15,15,15,14,14,
15,15,15,32,15,15,32,15,15,32,15,15,32,15,14,14,
15,15,15,15,15,15,15,15,15,15,15,15,15,15,14,14,
50,50,15,15,15,15,15,15,15,15,15,15,15,15,14,14,
68,68,15,15,15,15,15,15,15,15,15,15,15,15,14,14

1
market

8
fat_dog-o 8 6 8 6 2 6 4 12 8 4 6 0 4 1 7 11 2
