68,68,15,15,15,15,15,15,15,15,15,15,15,15,14,14,
68,69,15,15,15,15,15,15,15,15,15,15,15,15,14,14,
15,15,15,15,15,15,15,15,15,15,15,15,15,15,14,14,
15,15,15,32,15,15,32,15,15,32,15,15,32,15,14,14,
15,15,15,15,15,15,15,15,15,15,15,15,15,15,15,15,
15,15,15,32,15,15,32,15,15,32,15,15,32,15,15,15,
15,15,15,15,15,15,15,15,15,15,15,15,15,15,15,15,
15,15,15,32,15,15,32,15,15,32,15,15,32,15,14,14,
15,15,15,15,15,15,15,15,15,15,15,15,15,15,14,14,
50,51,15,15,15,15,15,15,15,15,15,15,15,15,14,14,
68,68,15,15,15,15,15,15,15,15,15,15,15,15,14,14

1
market

3
octorok-b 1 8 4
octorok-b 1 10 5
octorok-b 1 7 10
