56,56,56,56,56,56,56,56,56,56,3,3,56,56,56,56,
56,56,56,57,55,56,56,56,56,57,3,3,55,56,56,56,
3,3,3,3,3,3,3,3,3,3,3,3,3,55,56,56,
3,3,3,3,3,3,3,3,3,3,3,3,3,3,55,57,
3,3,3,3,3,3,3,3,3,3,3,3,3,3,3,3,
3,3,3,3,3,3,3,3,3,3,3,3,3,3,3,3,
3,3,3,3,3,3,3,3,3,3,3,3,3,3,3,3,
3,3,3,3,3,3,3,3,3,3,3,3,3,3,37,39,
3,3,3,3,3,3,3,3,3,3,3,3,3,37,56,56,
38,38,38,38,38,38,38,38,38,38,38,38,38,56,56,56,
56,56,56,56,56,56,56,56,56,56,56,56,56,56,56,56

1
market

5
octorok-b 1 6 8
octorok-b 3 6 4 8 7 8 2
fat_dog-o 1 1 5
