56,56,56,56,56,56,56,56,56,56,56,56,56,56,56,56,
56,56,56,56,56,56,56,56,56,56,56,56,56,56,56,56,
56,56,56,56,56,56,56,56,56,56,57,55,56,56,56,56,
56,56,56,56,56,56,56,56,56,56,3,3,55,56,56,56,
56,56,56,56,56,56,56,56,56,57,3,3,3,55,56,56,
3,3,3,3,3,3,3,3,3,3,3,3,3,3,3,3,
38,38,38,19,38,38,38,38,38,39,3,3,3,3,3,3,
56,56,56,19,56,56,56,56,56,56,3,3,3,3,3,3,
56,56,56,19,56,56,56,56,56,56,39,3,3,3,3,3,
56,56,56,19,56,56,56,56,56,56,56,38,38,38,38,38,
56,56,56,19,56,56,56,56,56,56,56,56,56,56,56,56

1
market

5
fat_dog-o 1 14 3
fat_dog-o 2 10 7 13 3
octorok-b 2 12 3 15 5
