56,56,56,56,56,56,56,19,56,56,56,56,56,56,56,56,
56,56,56,56,56,56,56,19,56,57,55,56,56,56,56,56,
56,56,57,55,56,56,56,19,56,3,3,55,56,56,56,56,
55,57,3,3,55,56,56,19,56,3,3,3,55,56,56,56,
3,3,3,3,3,55,56,19,57,3,3,3,3,55,56,56,
3,3,3,3,3,3,3,3,3,3,3,3,3,3,3,3,
3,3,3,3,3,3,3,3,3,3,3,3,3,37,38,38,
37,39,3,3,3,3,3,3,3,3,3,3,3,56,56,56,
56,56,39,3,3,3,3,3,3,3,3,3,3,56,56,56,
56,56,56,38,38,38,38,38,38,38,38,38,38,56,56,56,
56,56,56,56,56,56,56,56,56,56,56,56,56,56,56,56
1
market

10
octorok-b 9 1 7 15 6 5 6 11 4 11 9 9 6 3 4 13 5 5 5
fat_dog-o 1 5 3
