20,20,20,20,20,20,20,3,3,20,20,20,20,20,20,20,
20,20,20,20,20,20,20,3,3,20,20,20,20,20,20,20,
20,20,3,3,3,3,3,3,3,3,3,3,3,3,3,3,
20,20,3,3,20,20,20,20,20,20,20,20,20,20,20,20,
3,3,3,3,20,20,20,20,20,20,20,20,20,20,20,20,
3,3,3,3,20,20,20,20,20,20,20,20,20,20,20,20,
3,3,3,3,20,20,20,20,20,20,20,20,20,20,20,20,
20,20,3,3,20,20,20,20,20,20,20,20,20,20,20,20,
20,20,3,3,3,3,3,3,3,3,3,3,3,3,3,3,
20,20,20,20,20,3,3,20,20,3,3,3,3,3,20,20,
20,20,20,20,20,3,3,20,20,3,3,3,3,3,20,20
1
market

4
fat_dog-o 2 4 4 9 9
octorok-b 2 8 9 13 3
