20,20,20,20,20,3,3,20,20,3,3,3,3,3,20,20,
20,20,20,20,20,3,3,20,20,3,3,3,3,3,20,20,
20,20,20,20,20,3,3,3,20,3,3,3,3,3,20,20,
20,20,20,20,20,3,3,3,20,3,3,3,3,3,3,3,
3,3,3,3,3,3,3,3,20,3,3,3,3,3,3,3,
3,3,3,3,3,3,3,3,20,3,3,3,3,3,3,3,
3,3,3,3,3,3,3,3,20,3,3,3,3,3,3,3,
20,20,20,20,20,20,3,3,20,20,20,20,20,20,3,3,
20,20,20,20,20,20,3,3,20,20,20,20,20,20,20,20,
20,20,20,20,20,20,3,3,20,20,20,20,20,20,20,20,
20,20,20,20,20,20,3,3,20,20,20,20,20,20,20,20

1
market

10
octorok-b 9 9 4 9 6 5 7 1 5 6 4 3 4 12 9 10 9 3 5
fat_dog-o 1 7 0
