20,20,20,20,20,20,3,3,20,20,20,20,20,20,20,20,
20,20,20,20,20,20,3,3,20,20,20,20,20,20,20,20,
20,20,20,20,20,20,3,3,3,3,3,3,3,3,3,3,
20,20,20,20,20,20,20,20,20,20,20,20,20,20,20,20,
3,3,20,20,20,20,20,20,20,20,20,20,20,20,20,20,
3,3,3,3,3,3,20,20,20,20,20,20,20,20,20,20,
3,3,3,3,3,3,20,20,20,20,20,20,20,20,20,20,
20,20,3,3,3,3,20,20,20,20,20,20,20,20,20,20,
20,20,3,3,3,3,3,3,3,3,3,3,3,3,3,3,
20,20,20,20,20,20,20,20,20,20,20,20,20,20,20,20,
20,20,20,20,20,20,20,20,20,20,20,20,20,20,20,20
1
market

2
octorok-b 1 2 6
fat_dog-o 1 5 4
