56,56,56,56,56,56,56,56,56,56,56,56,56,56,56,56,
56,57,55,56,56,56,56,56,56,56,56,56,56,56,56,56,
56,3,3,55,56,56,56,56,56,56,56,56,56,56,56,56,
56,3,3,3,55,56,56,56,56,56,56,56,56,56,56,56,
57,3,3,3,3,55,56,56,56,56,56,56,56,56,56,56,
3,3,3,3,3,3,3,3,3,3,3,56,56,56,56,56,
3,3,3,3,3,37,38,38,38,38,19,56,56,56,56,56,
3,3,3,3,37,56,56,56,56,56,19,56,56,56,56,56,
3,3,3,37,56,56,56,56,56,56,19,56,56,56,56,56,
38,38,38,56,56,56,56,56,56,56,19,56,56,56,56,56,
56,56,56,56,56,56,56,56,56,56,19,56,56,56,56,56
1
market

6
octorok-b 4 11 6 3 3 7 6 4 6
fat_dog-o 1 9 6
octorok-b 1 2 6
