56,56,56,56,56,56,56,56,56,56,19,56,56,56,56,56,
56,56,56,56,56,56,56,56,56,56,19,56,56,56,56,56,
3,3,3,55,56,56,56,56,56,56,19,56,56,56,57,3,
6,3,3,3,55,56,56,56,56,56,19,56,56,57,3,3,
24,3,3,3,3,55,56,56,56,56,19,56,57,3,3,3,
3,3,3,3,3,3,3,3,3,3,3,3,3,3,3,3,
3,3,3,3,3,3,3,3,3,3,3,3,3,3,3,3,
3,3,3,3,3,3,3,3,3,3,3,3,3,3,3,3,
3,3,3,3,3,3,3,3,3,3,3,3,3,3,3,3,
38,38,38,38,38,38,38,38,38,38,38,38,38,38,38,38,
56,56,56,56,56,56,56,56,56,56,56,56,56,56,56,56
1
market

8
fat_dog-o 8 1 2 12 4 3 2 7 3 4 4 15 2 15 2 14 4
