56,56,56,56,56,56,19,56,56,56,56,56,56,19,56,56,
56,56,56,56,56,56,19,56,56,56,56,56,56,19,56,56,
56,56,15,15,15,15,15,15,15,15,15,15,15,15,56,56,
56,56,15,15,15,15,15,15,15,15,15,15,15,15,56,56,
56,57,15,33,15,33,15,33,15,33,15,33,15,15,56,56,
3,3,15,15,15,15,15,15,15,15,15,15,15,15,56,56,
38,39,15,33,15,33,15,33,15,33,15,33,15,15,56,56,
56,56,15,15,15,15,15,15,15,15,15,15,15,15,56,56,
56,56,15,15,15,15,15,15,15,15,15,15,15,15,56,56,
56,56,38,38,38,38,38,38,38,38,38,38,38,38,56,56,
56,56,56,56,56,56,56,56,56,56,56,56,56,56,56,56
1
market

7
octorok-b 4 10 4 9 9 5 8 9 4
fat_dog-o 3 5 4 12 3 2 6
