56,56,56,56,56,56,56,56,56,56,56,56,56,56,56,56,
56,56,56,56,56,56,56,56,56,56,56,56,56,56,56,56,
56,3,3,3,3,3,3,3,3,3,3,3,3,3,55,56,
56,3,3,3,3,79,80,80,80,80,81,3,3,3,3,56,
56,3,3,26,3,97,98,98,98,98,99,3,26,3,3,56,
56,3,3,3,3,97,98,98,98,98,99,3,3,3,3,56,
56,3,3,26,3,115,116,116,116,116,117,3,26,3,3,56,
56,3,3,3,3,3,3,3,3,3,3,3,3,3,3,56,
56,39,3,3,3,3,3,3,3,3,3,3,3,3,37,56,
56,56,38,38,38,38,38,3,3,38,38,38,38,38,56,56,
56,56,56,56,56,56,56,3,3,56,56,56,56,56,56,56
1
market

8
fat_dog-o 7 15 6 9 9 14 5 15 4 13 9 13 8 4 8
octorok-b 1 8 3
