20,20,20,20,20,20,20,3,3,3,20,3,20,3,20,20,
20,20,20,20,20,20,20,3,3,3,20,3,20,3,20,20,
3,3,3,3,3,3,3,3,3,3,3,3,3,3,20,20,
20,20,20,20,20,20,20,3,3,3,3,3,3,3,3,20,
20,20,20,20,20,20,20,3,3,3,3,3,3,3,3,3,
20,20,20,20,20,20,20,3,3,3,20,3,3,3,3,3,
20,20,20,20,20,20,20,3,3,3,3,3,3,3,3,3,
20,20,20,20,20,20,20,3,3,3,3,3,3,3,3,20,
3,3,3,3,3,3,3,3,3,3,3,3,3,3,20,20,
20,20,20,20,20,20,20,20,20,20,20,20,20,20,20,20,
20,20,20,20,20,20,20,20,20,20,20,20,20,20,20,20

1
market

8
octorok-b 7 2 2 12 8 12 6 9 3 14 4 14 6 10 2
octorok-b 1 5 2
