56,56,56,56,56,56,56,56,56,56,56,56,56,56,56,56,
56,57,55,56,56,56,56,56,56,56,56,56,56,56,56,56,
3,3,3,3,3,3,3,3,3,3,3,3,3,3,55,56,
3,3,3,3,3,3,3,3,3,3,3,3,3,3,3,56,
3,3,3,21,3,3,21,3,3,21,3,3,3,21,3,55,
3,3,3,3,3,3,3,3,3,3,3,3,3,3,3,3,
3,3,3,21,3,3,21,3,3,21,3,3,3,21,3,3,
3,3,3,3,3,3,3,3,3,3,3,3,3,3,3,3,
3,3,3,3,3,3,3,3,3,3,3,3,3,3,3,3,
38,39,37,56,56,38,38,38,38,38,19,38,38,38,38,38,
56,56,56,56,56,56,56,56,56,56,19,56,56,56,56,56

1
market

9
octorok-b 2 0 2 1 3
octorok-b 1 15 3
octorok-b 4 2 2 7 8 8 8 6 8
fat_dog-o 2 12 4 12 3
