56,56,56,56,56,56,56,56,56,56,19,56,56,56,56,56,
56,56,56,56,56,56,57,55,56,56,19,56,57,55,56,56,
3,3,3,55,57,3,3,3,3,3,3,3,3,3,3,3,
3,3,3,3,3,3,3,3,3,3,3,3,3,3,3,3,
3,3,21,3,3,21,3,3,21,3,3,21,3,3,21,3,
3,3,3,3,3,3,3,3,3,3,3,3,3,3,3,3,
3,3,21,3,3,21,3,3,21,3,3,21,3,3,21,3,
3,3,3,3,3,3,3,3,3,3,3,3,3,3,3,3,
3,3,3,37,39,3,3,3,3,3,3,3,3,3,3,3,
38,38,38,56,56,38,39,37,38,38,38,38,39,37,38,38,
56,56,56,56,56,56,56,56,56,56,56,56,56,56,56,56
1
market

6
octorok-b 5 4 6 9 6 4 5 7 6 5 6
fat_dog-o 1 2 4
