56,56,56,56,56,56,56,56,56,56,56,56,56,56,56,56,
56,56,56,56,56,56,56,56,56,56,56,56,56,56,56,56,
56,57,3,3,3,3,3,3,3,3,3,3,3,3,56,56,
56,3,3,3,3,3,3,3,3,3,3,3,3,3,55,56,
56,3,21,3,21,3,21,3,3,3,3,3,3,3,3,56,
56,3,3,3,3,3,3,3,3,3,3,3,3,3,3,56,
56,3,21,3,21,3,21,3,3,73,74,74,74,74,74,92,
56,3,3,3,3,3,3,3,3,91,92,92,92,92,92,92,
56,39,3,3,3,3,3,3,3,91,92,92,92,92,92,92,
56,56,38,38,38,38,38,38,3,91,92,92,92,92,92,92,
56,56,56,56,56,56,56,56,3,91,92,92,92,92,92,92
1
market

4
octorok-b 1 3 7
fat_dog-o 2 10 6 8 5
octorok-b 1 1 5
