26,26,26,26,26,26,26,3,3,91,92,92,92,92,92,92,
26,26,26,26,26,26,26,3,3,91,92,92,92,92,92,92,
26,26,3,3,3,3,3,3,3,91,92,92,92,92,92,92,
26,26,3,3,3,26,3,3,3,91,92,92,92,92,92,92,
3,3,3,3,3,3,3,3,3,109,110,110,110,110,110,110,
3,3,3,3,3,26,3,3,3,3,3,3,3,3,3,3,
3,3,3,3,3,3,3,3,3,3,3,3,3,3,44,44,
26,26,3,3,3,26,3,3,3,3,3,3,3,3,62,62,
26,26,3,3,3,3,3,3,3,3,3,3,3,3,62,62,
26,26,26,3,3,26,26,26,26,3,3,26,26,3,62,62,
26,26,26,3,3,26,26,26,26,3,3,26,26,3,62,62

1
market

8
fat_dog-o 2 12 4 4 4
octorok-b 3 13 0 14 5 6 7
octorok-b 3 3 3 9 4 4 3
