62,62,62,62,62,62,62,62,62,62,62,62,62,62,62,62,
62,62,62,62,62,62,62,62,62,62,62,62,62,62,62,62,
62,63,3,3,3,3,3,3,3,3,3,3,3,3,61,62,
63,3,3,3,3,3,3,40,41,42,3,3,3,3,3,62,
3,3,3,3,21,3,21,58,137,60,21,3,21,3,3,62,
3,3,3,3,3,3,3,3,3,3,3,3,3,3,3,62,
3,3,3,3,21,3,21,3,3,3,21,3,21,3,3,62,
45,3,3,3,3,3,3,3,3,3,3,3,3,3,3,62,
62,45,3,3,3,3,3,3,3,3,3,3,3,3,43,62,
62,62,44,44,44,44,44,44,44,44,44,44,44,44,62,62,
62,62,62,62,62,62,62,62,62,62,62,62,62,62,62,62
1
market

4
octorok-b 3 14 4 12 3 9 4
fat_dog-o 1 9 4
