56,56,56,56,56,56,56,56,56,56,56,56,56,56,56,56,
56,56,56,56,56,56,56,56,57,55,56,56,56,56,56,56,
56,56,56,56,56,56,56,56,3,3,55,57,3,3,55,57,
56,56,56,56,56,56,56,56,3,3,3,3,3,3,3,3,
56,56,56,56,56,56,56,57,3,3,3,3,3,3,3,3,
3,55,57,3,3,55,57,3,3,3,3,3,3,3,3,3,
3,3,3,3,3,3,3,3,3,3,3,3,3,3,3,3,
3,3,3,3,3,3,3,3,3,3,3,3,3,3,3,3,
3,37,39,3,3,37,39,3,3,3,37,39,3,3,37,39,
38,56,56,19,38,56,56,38,39,37,56,56,38,19,56,56,
56,56,56,19,56,56,56,56,56,56,56,56,56,19,56,56

1
market

9
octorok-b 9 11 3 8 4 4 3 11 4 13 5 0 2 3 2 12 5 4 2
