56,56,56,56,56,56,56,56,56,56,56,56,56,56,56,56,
56,56,57,55,56,56,56,56,56,56,56,56,56,56,56,56,
55,57,3,3,55,57,3,3,56,56,56,56,56,56,57,3,
3,3,3,3,3,3,3,3,56,56,56,56,56,57,3,3,
3,3,3,3,3,3,3,3,55,56,57,55,57,3,3,3,
3,3,3,3,3,3,3,3,3,3,3,3,3,3,3,3,
3,3,3,3,3,3,3,3,3,3,3,37,39,3,3,3,
3,3,3,3,3,3,3,3,3,3,3,56,56,39,3,3,
37,39,3,3,37,39,3,3,3,3,3,56,56,56,39,3,
56,56,39,37,56,56,38,38,38,38,38,56,56,56,56,38,
56,56,56,56,56,56,56,56,56,56,56,56,56,56,56,56

1
market

9
octorok-b 5 14 4 4 5 5 3 4 3 13 4
fat_dog-o 4 2 3 7 2 6 2 3 8
