56,56,3,3,56,56,56,56,56,91,92,92,92,92,92,92,
56,56,3,3,56,56,56,56,56,91,92,92,92,92,92,92,
56,56,3,3,56,56,56,56,56,91,92,92,92,92,92,92,
55,57,3,3,55,56,57,55,57,91,92,92,92,92,92,92,
3,3,3,3,3,3,3,3,3,91,92,92,92,92,92,92,
3,3,3,3,3,3,3,3,130,92,92,92,92,92,92,92,
74,74,74,74,74,74,74,74,92,92,92,92,92,92,92,92,
92,92,92,92,92,92,92,92,92,92,92,92,92,92,92,92,
92,92,92,92,92,92,92,92,92,92,92,92,92,92,92,92,
92,92,92,92,92,92,92,92,92,92,92,92,92,92,92,92,
92,92,92,92,92,92,92,92,92,92,92,92,92,92,92,92


1
market

3
octorok-b 2 2 8 3 9
octorok-b 1 6 5
