92,92,92,92,92,92,93,3,3,26,26,26,26,26,26,26,
92,92,92,92,92,92,93,3,3,26,26,26,26,26,26,26,
92,92,92,92,92,92,93,3,3,3,3,3,3,3,3,3,
92,92,92,92,92,92,93,3,3,3,3,3,3,3,3,3,
110,110,110,110,110,110,111,3,3,3,26,3,26,26,3,3,
3,3,3,3,3,3,3,3,3,3,3,3,3,3,3,3,
44,44,44,3,3,3,3,3,3,3,26,3,26,26,3,3,
62,62,62,3,3,3,3,3,3,3,3,3,3,3,3,3,
62,62,62,3,3,3,3,3,3,3,3,3,3,3,3,3,
62,62,62,26,26,26,26,26,26,26,26,26,26,26,26,26,
62,62,62,26,26,26,26,26,26,26,26,26,26,26,26,26


1
market

10
fat_dog-o 10 11 5 15 4 15 3 3 2 10 8 9 7 12 5 4 5 7 10 4 3
