62,62,62,62,62,62,62,62,62,62,62,62,3,3,62,62,
62,62,62,62,62,62,23,62,62,62,62,63,3,3,62,62,
9,9,3,3,3,3,3,3,3,9,9,9,9,9,62,62,
9,3,3,3,3,3,20,20,20,9,20,9,9,9,61,62,
9,3,3,3,3,3,3,3,20,9,20,9,9,9,9,61,
9,3,9,9,9,9,20,20,20,20,20,3,3,3,3,3,
9,3,3,3,3,3,20,3,20,3,9,3,3,3,3,43,
9,3,3,3,3,3,20,3,20,20,20,3,3,3,43,62,
9,9,3,3,3,3,3,3,3,3,3,3,3,3,62,62,
44,44,44,44,44,44,44,44,44,44,44,44,44,44,62,62,
62,62,62,62,62,62,62,62,62,62,62,62,62,62,62,62

1
market

7
fat_dog-o 1 4 9
octorok-b 2 1 3 3 7
octorok-b 3 4 4 1 5 1 7
fat_dog-o 1 8 9
