56,56,56,56,19,56,56,56,56,56,56,56,56,56,56,56,
57,55,56,56,19,56,56,56,56,56,56,56,56,56,56,56,
3,3,55,56,19,56,56,56,56,56,56,56,56,56,56,56,
3,3,3,56,19,56,56,56,56,56,56,56,56,56,56,56,
3,3,3,55,19,56,73,74,74,74,74,74,74,74,74,74,
3,3,3,3,3,3,92,3,3,3,3,3,3,3,3,3,
3,3,3,3,3,3,92,3,3,3,3,3,3,3,3,3,
3,3,3,3,3,3,92,3,3,3,3,3,3,3,3,3,
3,3,3,3,3,3,92,3,3,3,3,3,3,3,3,3,
38,38,38,38,38,39,92,3,3,3,3,37,38,38,38,38,
56,56,56,56,56,56,92,3,3,3,3,56,56,56,56,56
1
market

9
octorok-b 9 12 3 10 5 8 0 11 5 15 2 11 4 5 4 0 8 2 4
