56,56,56,56,56,56,92,3,3,3,3,56,56,56,56,56,
56,56,56,56,56,56,92,3,3,3,3,56,56,56,23,56,
56,56,56,56,56,56,92,3,3,3,3,56,56,56,3,3,
55,56,57,55,56,57,92,3,3,3,3,55,56,57,3,3,
3,3,3,3,3,3,92,3,3,3,3,3,3,3,3,3,
3,3,3,3,3,130,92,129,3,3,3,3,3,3,3,3,
74,74,74,74,74,92,92,92,74,74,74,74,74,74,74,74,
92,92,92,92,92,92,92,92,92,92,92,92,92,92,92,92,
92,92,92,92,92,92,92,92,92,92,92,92,92,92,92,92,
92,92,92,92,92,92,92,92,92,92,92,92,92,92,92,92,
92,92,92,92,92,92,92,92,92,92,92,92,92,92,92,92
1
market

10
octorok-b 7 4 7 9 6 6 7 11 6 3 7 16 7 12 7
octorok-b 1 10 6
fat_dog-o 2 16 6 15 9
