92,56,56,56,56,56,56,56,56,56,56,56,56,56,56,92,
92,56,56,56,56,56,56,56,56,56,56,56,56,56,56,92,
92,56,3,3,3,3,3,3,3,3,3,3,3,3,56,92,
92,56,3,4,6,3,4,5,6,3,4,6,3,3,56,92,
92,56,3,22,24,3,22,23,24,3,22,24,3,3,56,92,
92,56,3,3,3,3,3,3,3,3,3,3,3,3,3,132,
92,56,3,3,4,6,3,3,3,4,6,3,3,3,38,92,
92,56,3,3,22,24,3,3,3,22,24,3,3,3,56,92,
92,56,3,3,3,3,3,3,3,3,3,3,3,3,56,92,
92,56,38,38,38,38,38,38,38,38,38,38,38,38,56,92,
92,56,56,56,56,56,56,56,56,56,56,56,56,56,56,92

1
dungeon

8
octorok-b 3 5 8 6 8 12 4
octorok-b 3 12 3 4 8 2 3
octorok-b 2 5 8 5 7
