26,26,26,26,26,26,26,26,26,26,26,26,26,26,26,26,
26,26,26,26,26,26,26,26,26,26,26,26,26,26,26,26,
9,9,9,9,9,9,9,9,9,9,9,9,9,9,9,9,
9,9,9,9,9,9,9,26,9,26,9,9,9,26,9,26,
9,9,9,9,9,9,9,9,9,9,9,9,9,9,9,9,
9,9,9,26,9,26,9,26,9,26,9,26,9,26,9,26,
3,9,3,3,3,3,3,3,3,3,3,3,3,3,3,3,
9,9,9,9,9,9,9,26,9,26,9,9,9,26,9,26,
9,9,9,9,9,9,9,9,9,9,9,9,9,9,9,9,
26,26,26,26,26,26,26,26,26,26,26,26,26,26,26,26,
26,26,26,26,26,26,26,26,26,26,26,26,26,26,26,26
1
market

10
fat_dog-o 6 12 5 1 5 4 5 6 4 4 5 0 7
fat_dog-o 3 4 2 8 6 2 3
fat_dog-o 1 2 7
