62,62,62,62,62,62,62,62,62,62,62,62,62,62,62,62,
62,62,62,62,62,62,62,137,62,62,62,62,62,62,62,62,
62,63,9,9,9,9,9,9,9,61,63,9,9,9,61,62,
63,9,9,8,9,8,9,9,9,9,9,9,8,9,9,61,
9,9,9,9,9,9,9,9,9,9,9,9,9,9,9,9,
9,9,9,8,9,8,9,9,9,9,9,9,8,9,9,9,
3,9,3,3,3,3,3,9,3,9,3,3,3,3,3,3,
45,9,9,8,9,8,9,9,9,9,9,9,8,9,9,43,
62,45,9,9,9,9,9,9,9,43,45,9,9,9,43,62,
62,62,44,44,44,44,44,9,9,62,62,44,44,44,62,62,
62,62,62,62,62,62,62,9,9,62,62,62,62,62,62,62

1
dungen

5
fat_dog-o 1 10 7
fat_dog-o 1 9 5
fat_dog-o 2 4 5 14 4
fat_dog-o 1 14 7
