56,56,56,56,56,56,56,56,56,56,56,56,56,56,56,56,
56,56,56,56,56,56,56,56,56,56,56,56,56,56,56,56,
56,56,56,56,56,56,56,56,56,56,56,56,56,56,56,56,
56,56,56,56,56,56,56,56,56,56,56,56,56,56,56,56,
110,110,110,110,110,110,110,110,110,110,110,110,110,110,110,110,
3,3,3,3,3,3,3,3,3,3,3,3,3,3,3,3,
3,3,3,3,3,3,3,3,3,3,3,3,3,3,3,3,
3,3,3,3,3,3,3,3,38,38,38,38,38,38,38,38,
3,3,3,3,3,3,3,3,56,56,56,56,56,56,56,56,
38,38,38,38,38,38,38,38,56,56,56,56,56,56,56,56,
56,56,56,56,56,56,56,56,56,56,56,56,56,56,56,56
1
market

8
octorok-b 3 7 4 2 4 14 5
fat_dog-o 5 7 5 5 5 14 5 4 3 10 5
