20,20,20,20,20,20,20,20,20,20,20,20,20,20,20,20,
20,20,20,20,20,20,20,20,20,20,20,20,20,20,20,20,
3,3,3,3,3,3,3,3,3,3,3,3,3,3,20,3,
3,3,3,3,3,3,3,3,3,3,3,20,3,3,3,3,
3,3,3,3,3,3,3,3,3,3,3,3,3,20,3,3,
3,3,3,3,3,3,3,3,3,3,3,20,3,3,3,3,
74,74,74,74,74,74,75,3,3,3,3,3,3,20,3,3,
92,92,92,92,92,92,93,3,3,3,3,20,3,3,3,3,
92,92,92,92,92,92,93,3,3,3,3,3,3,3,20,3,
92,92,92,92,92,92,93,3,3,20,20,20,20,20,20,20,
92,92,92,92,92,92,93,3,3,20,20,20,20,20,20,20
1
market

5
fat_dog-o 3 6 8 9 7 12 5
fat_dog-o 1 11 3
fat_dog-o 1 12 7
