98,98,98,98,98,98,99,3,3,26,26,26,26,26,26,26,
98,98,98,98,98,98,99,3,3,26,26,26,26,26,26,26,
98,98,98,98,98,98,99,3,3,3,3,3,3,3,26,26,
98,98,98,98,98,98,99,3,3,3,3,3,3,3,26,26,
116,116,116,116,116,116,117,3,3,3,3,3,3,3,26,26,
3,3,3,3,3,3,3,3,3,3,3,3,3,3,26,26,
3,3,3,3,3,3,3,3,3,3,3,3,3,3,26,26,
26,26,26,3,3,3,3,3,3,3,3,3,3,3,26,26,
26,26,26,3,3,3,3,3,3,3,3,3,3,3,26,26,
26,26,26,26,26,26,26,3,3,26,26,26,26,26,26,26,
26,26,26,26,26,26,26,3,3,26,26,26,26,26,26,26
1
market

6
octorok-b 3 4 4 9 7 10 6
octorok-b 3 13 7 13 3 9 10
