62,62,26,3,26,3,26,3,3,26,3,26,3,26,3,26,
62,62,26,3,26,3,26,3,3,26,3,26,3,26,3,26,
62,63,3,3,3,3,3,3,3,3,3,3,3,3,3,3,
63,3,3,3,26,3,3,3,3,26,3,3,3,26,3,26,
9,3,26,3,3,3,3,3,3,3,3,3,3,3,3,3,
3,3,3,3,26,3,26,3,3,26,3,26,3,26,3,3,
3,3,26,3,3,3,3,3,3,3,3,3,3,3,3,3,
45,3,3,3,26,3,3,3,3,26,3,3,3,26,3,26,
62,45,3,3,3,3,3,3,3,3,3,3,3,3,3,26,
62,62,26,3,26,3,26,3,3,26,3,26,3,26,3,26,
62,62,26,3,26,3,26,3,3,26,3,26,3,26,3,26
1
market

5
fat_dog-o 1 10 9
octorok-b 2 5 7 14 2
fat_dog-o 1 3 4
fat_dog-o 1 7 5
