62,62,26,3,26,3,26,3,3,26,3,26,3,26,3,26,
62,62,26,3,26,3,26,3,3,26,3,26,3,26,3,26,
62,62,3,3,3,3,3,3,3,3,3,3,3,3,3,3,
62,63,3,3,3,3,26,3,3,26,3,26,3,26,3,3,
63,3,26,3,26,3,3,3,3,3,3,3,3,3,3,3,
3,3,3,3,3,3,26,3,3,26,3,26,3,26,3,3,
45,3,26,3,26,3,3,3,3,3,3,3,3,3,3,3,
62,45,3,3,3,3,26,3,3,26,3,26,3,26,3,3,
62,62,3,3,3,3,3,3,3,3,3,3,3,3,3,3,
62,62,26,26,26,26,26,26,26,26,26,26,26,26,26,26,
62,62,26,26,26,26,26,26,26,26,26,26,26,26,26,26
1
market

7
octorok-b 3 13 10 12 9 5 9
octorok-b 1 4 9
octorok-b 3 13 5 8 9 6 5
