56,56,56,56,56,56,56,56,56,56,56,56,56,56,56,56,
56,56,56,56,56,56,56,56,56,56,56,56,56,56,56,56,
56,57,55,57,3,3,3,3,3,3,3,3,3,55,56,56,
56,3,3,3,3,3,2,3,3,3,3,3,3,3,55,56,
57,3,3,3,3,2,3,3,3,3,3,3,3,3,3,56,
3,3,3,3,2,3,2,3,2,3,2,3,2,3,3,56,
39,3,3,3,3,2,3,3,3,3,3,3,3,3,3,56,
56,3,3,3,3,3,2,3,3,3,3,3,3,3,37,56,
56,39,37,39,3,3,3,3,3,3,3,3,3,37,56,56,
56,56,56,56,38,38,38,38,38,38,38,38,38,56,56,56,
56,56,56,56,56,56,56,56,56,56,56,56,56,56,56,56

1
market

7
fat_dog-o 2 12 8 14 7
octorok-b 4 9 3 8 3 3 4 8 5
octorok-b 1 2 6
