56,56,56,56,56,56,56,56,56,56,56,56,56,56,56,56,
56,56,56,56,56,56,56,56,56,56,56,56,56,56,56,56,
59,59,59,59,59,59,59,59,59,59,59,59,59,59,59,59,
59,59,59,59,59,59,59,59,59,59,59,59,59,59,59,59,
59,59,59,59,59,59,59,59,59,59,59,59,59,59,59,59,
59,59,59,59,59,59,59,59,59,59,59,59,59,59,59,59,
59,59,59,59,59,59,59,59,59,59,59,59,59,59,59,59,
59,59,59,59,59,59,59,59,59,59,59,59,59,59,59,59,
59,59,59,59,59,59,59,59,59,59,59,59,59,59,59,59,
38,38,38,38,38,38,38,38,38,38,38,38,38,38,38,38,
56,56,56,56,56,56,56,56,56,56,56,56,56,56,56,56

1
market

3
fat_dog-o 3 1 4 4 9 3 4
