26,26,26,26,26,26,26,3,3,26,26,26,26,26,26,26,
26,26,26,26,26,26,26,3,3,26,26,26,26,26,26,26,
26,26,3,3,3,26,26,3,3,26,26,26,26,26,26,26,
26,26,3,3,3,26,26,3,3,26,26,26,26,26,26,26,
26,26,3,3,3,3,3,3,3,3,3,3,3,3,3,3,
26,26,3,8,3,3,3,3,3,3,3,3,3,3,3,3,
26,26,3,3,3,3,3,3,3,3,3,3,3,3,3,3,
26,26,3,3,3,26,26,3,3,26,26,26,26,26,26,26,
26,26,3,3,3,26,26,3,3,26,26,26,26,26,26,26,
26,26,26,26,26,26,26,3,3,26,26,26,26,26,26,26,
26,26,26,26,26,26,26,3,3,26,26,26,26,26,26,26


1
market

4
octorok-b 3 4 4 11 6 10 4
fat_dog-o 1 11 6
