26,26,26,26,26,26,26,3,3,26,26,26,26,26,26,26,
26,26,26,26,26,26,26,3,3,26,26,26,26,26,26,26,
26,26,26,26,26,26,26,3,3,26,26,26,26,26,26,26,
26,26,26,26,26,26,26,3,3,26,26,26,26,26,26,26,
3,3,3,3,3,3,3,3,3,3,3,3,3,3,3,3,
3,3,3,3,3,3,3,3,3,3,3,3,3,3,3,3,
3,3,3,3,3,3,3,3,3,79,80,80,80,80,80,80,
26,26,26,26,26,26,26,3,3,97,98,98,98,98,98,98,
26,26,26,26,26,26,26,3,3,97,98,98,98,98,98,98,
26,26,26,26,26,26,26,3,3,97,98,98,98,98,98,98,
26,26,26,26,26,26,26,3,3,97,98,98,98,98,98,98

1
market

4
octorok-b 4 8 10 16 6 8 11 8 8
