56,56,56,56,56,56,56,56,56,56,56,56,56,56,56,56,
55,56,56,56,56,56,57,55,56,56,56,56,56,56,56,56,
3,55,56,56,56,56,3,3,3,3,3,3,55,56,56,56,
3,3,55,56,56,56,3,3,3,3,3,3,3,56,56,56,
3,3,3,55,56,56,3,3,3,2,3,3,3,55,56,56,
3,3,3,3,55,57,3,3,2,3,2,3,3,3,3,3,
3,3,3,3,3,3,3,3,3,2,3,3,3,37,38,38,
3,3,3,3,3,3,3,3,3,3,3,3,3,56,56,56,
3,3,3,3,37,39,3,3,3,3,3,3,37,56,56,56,
37,38,38,38,56,56,39,37,38,38,38,38,56,56,56,56,
56,56,56,56,56,56,56,56,56,56,56,56,56,56,56,56


1
market

5
octorok-b 1 8 2
fat_dog-o 3 10 6 0 5 3 4
octorok-b 1 12 6
