56,56,59,59,59,59,59,59,59,59,59,59,59,59,59,56,
56,56,59,59,59,59,59,59,59,59,59,59,59,59,59,56,
56,56,59,59,59,59,59,59,59,59,59,59,59,59,59,59,
56,56,59,59,59,59,59,59,59,59,59,59,59,59,59,59,
56,56,59,59,59,59,59,59,59,59,59,59,59,59,59,59,
56,56,59,59,59,59,59,59,59,59,59,59,59,59,59,59,
56,56,59,59,59,59,59,59,59,59,59,59,59,59,59,59,
56,56,59,59,59,59,59,59,59,59,59,59,59,59,59,59,
56,56,59,59,59,59,59,59,59,59,59,59,59,59,59,59,
56,56,38,38,38,38,38,59,59,38,38,38,38,38,38,38,
56,56,56,56,56,56,56,59,59,56,56,56,56,56,56,56

1
market

4
octorok-b 1 8 9
fat_dog-o 3 3 3 13 4 10 2
