62,62,62,62,62,62,62,3,3,62,62,62,62,62,62,62,
62,62,62,63,61,62,62,3,3,62,62,137,62,62,62,62,
62,62,63,3,3,3,3,3,3,3,3,3,3,61,62,62,
61,63,3,3,3,3,3,3,3,3,3,3,3,3,61,63,
3,3,3,3,3,26,3,3,3,3,26,3,3,3,3,3,
3,3,3,3,3,3,3,3,3,3,3,3,3,3,3,3,
3,3,3,3,3,26,3,3,3,3,26,3,3,3,3,3,
43,45,3,3,3,3,3,3,3,3,3,3,3,3,43,45,
62,62,45,3,3,3,3,3,3,3,3,3,3,43,62,62,
62,62,62,45,43,44,44,44,44,44,44,44,44,62,62,62,
62,62,62,62,62,62,62,62,62,62,62,62,62,62,62,62

1
market

9
fat_dog-o 9 13 5 5 6 11 3 12 9 6 4 2 7 15 6 5 6 15 7
