26,26,26,26,26,26,26,26,26,26,26,26,26,26,26,26,
26,26,26,26,26,26,26,26,26,26,26,26,26,26,26,26,
26,26,26,3,3,3,3,3,3,3,3,3,3,3,3,3,
26,26,26,3,3,3,3,3,3,3,3,3,3,3,3,3,
3,3,3,3,3,3,3,3,3,3,3,3,3,26,3,3,
3,3,3,3,3,3,3,3,3,3,3,3,3,3,3,3,
80,80,80,80,80,80,81,3,3,3,3,3,3,26,3,3,
98,98,98,98,98,98,99,3,3,3,3,3,3,3,3,3,
98,98,98,98,98,98,99,3,3,3,3,3,3,3,3,3,
98,98,98,98,98,98,99,3,3,3,3,26,26,26,3,26,
98,98,98,98,98,98,99,3,3,3,3,26,26,26,3,26

1
market

4
fat_dog-o 1 8 6
octorok-b 1 16 8
octorok-b 2 10 8 13 3
