98,98,98,98,98,98,99,3,3,3,3,26,26,26,3,26,
98,98,98,98,98,98,99,3,3,3,3,26,26,26,3,26,
98,98,98,98,98,98,99,3,3,3,3,3,3,3,3,3,
98,98,98,98,98,98,99,3,3,3,3,3,3,3,3,3,
116,116,116,116,116,116,117,3,3,3,3,3,3,26,3,3,
3,3,3,3,3,3,3,3,3,3,3,3,3,3,3,3,
3,3,3,3,3,3,3,3,3,3,3,3,3,26,3,3,
3,3,3,3,3,3,3,3,3,3,3,3,3,3,3,3,
3,3,3,3,3,3,3,3,3,3,3,3,3,3,3,3,
26,26,26,26,26,26,26,26,26,26,26,26,26,26,26,26,
26,26,26,26,26,26,26,26,26,26,26,26,26,26,26,26


1
market

10
fat_dog-o 10 11 4 7 3 8 5 15 8 11 6 5 3 6 4 13 7 0 3 8 10
