56,56,56,56,56,56,56,56,56,56,56,56,56,56,56,56,
56,56,56,56,56,56,56,57,55,56,56,56,56,56,56,56,
56,56,56,56,57,55,57,3,3,55,56,56,56,56,56,56,
56,56,56,57,3,3,3,3,3,3,56,56,56,56,56,56,
57,55,57,3,3,3,3,3,3,3,55,57,55,57,55,56,
3,3,3,3,3,3,3,3,3,3,3,3,3,3,3,3,
39,37,39,3,3,3,3,3,3,3,37,39,37,39,37,38,
56,56,56,39,3,3,3,3,3,3,56,56,56,56,56,56,
56,56,56,56,39,37,39,3,3,37,56,56,56,56,56,56,
56,56,56,56,56,56,56,39,37,56,56,56,56,56,56,56,
56,56,56,56,56,56,56,56,56,56,56,56,56,56,56,56

1
market

10
octorok-b 6 6 8 10 7 12 6 8 7 5 5 9 8
octorok-b 2 10 8 16 6
fat_dog-o 2 10 8 5 4
