56,56,56,56,56,56,56,56,56,56,56,56,56,56,56,56,
56,56,56,56,56,56,56,56,56,56,56,56,57,55,56,56,
56,56,57,3,3,3,3,3,3,3,3,3,3,3,55,56,
56,57,3,3,3,3,40,41,42,3,3,3,3,3,3,56,
56,3,3,21,3,21,58,137,60,21,3,21,3,3,3,56,
56,3,3,3,3,3,3,3,3,3,3,3,3,3,3,56,
56,3,3,21,3,21,3,3,3,21,3,21,3,3,3,56,
56,39,3,3,3,3,3,3,3,3,3,3,3,3,3,56,
56,56,39,3,3,3,3,3,3,3,3,3,3,3,37,56,
56,56,56,38,38,38,38,19,38,38,38,38,38,38,56,56,
56,56,56,56,56,56,56,19,56,56,56,56,56,56,56,56

1
market

8
octorok-b 7 5 3 9 6 8 4 7 3 13 7 10 8 12 8
fat_dog-o 1 3 6
