56,59,59,59,59,59,59,59,59,59,59,59,59,59,56,56,
56,59,59,59,59,59,59,59,59,59,59,59,59,59,56,56,
59,59,59,59,59,59,59,59,59,59,59,59,59,59,56,56,
59,59,59,59,59,59,59,59,59,59,59,59,59,59,56,56,
59,59,59,59,59,59,59,59,59,59,59,59,59,59,56,56,
59,59,59,59,59,59,59,59,59,59,59,59,59,59,56,56,
59,59,59,59,59,59,59,59,59,59,59,59,59,59,56,56,
59,59,59,59,59,59,59,59,59,59,59,59,59,59,56,56,
59,59,59,59,59,59,59,59,59,59,59,59,59,59,56,56,
38,38,38,38,38,38,38,38,38,38,38,38,59,59,56,56,
56,56,56,56,56,56,56,56,56,56,56,56,59,59,56,56

1
market

4
octorok-b 2 11 6 1 8
fat_dog-o 2 13 0 4 8
