26,26,26,26,26,26,26,26,26,26,26,26,3,3,26,26,
26,26,26,26,26,26,26,26,26,26,26,26,3,3,26,26,
26,3,3,3,3,3,3,3,3,3,26,26,3,3,26,26,
26,3,3,3,3,3,26,3,3,3,26,26,3,3,26,26,
3,3,3,3,3,3,3,3,26,3,26,26,3,3,26,26,
3,3,26,3,3,3,26,3,3,3,26,26,3,3,26,26,
3,3,3,3,3,3,3,3,26,3,26,26,3,3,26,26,
26,3,3,3,3,3,26,3,3,3,26,26,3,3,26,26,
26,3,3,3,3,3,3,3,3,3,26,26,3,3,26,26,
26,3,26,3,3,3,26,3,26,3,26,26,3,3,26,26,
26,3,26,3,3,3,26,3,26,3,26,26,3,3,26,26

1
market

9
octorok-b 2 5 4 14 11
octorok-b 6 3 8 4 2 14 7 8 7 9 4 6 6
octorok-b 1 7 3
