26,3,26,3,3,3,26,3,26,3,26,26,3,26,26,26,
26,3,26,3,3,3,26,3,26,3,26,26,3,26,26,26,
3,3,3,3,3,3,3,3,3,3,3,3,3,3,26,26,
3,3,3,3,3,3,3,3,3,3,26,3,3,3,3,26,
3,3,26,3,3,3,26,3,26,3,3,3,3,3,3,3,
3,3,3,3,3,3,3,3,3,3,26,3,3,3,3,3,
3,3,26,3,3,3,26,3,26,3,3,3,3,3,3,3,
3,3,3,3,3,3,3,3,3,3,26,3,3,3,3,26,
3,3,3,3,3,3,3,3,3,3,3,3,3,3,26,26,
26,26,26,26,26,26,26,26,26,26,26,3,3,3,26,26,
26,26,26,26,26,26,26,26,26,26,26,3,3,3,26,26

1
market

8
octorok-b 4 6 8 3 4 13 4 8 3
octorok-b 2 10 4 3 8
octorok-b 1 4 5
fat_dog-o 1 12 5
