56,56,56,56,56,56,56,56,56,56,56,56,56,56,56,56,
56,56,56,56,56,56,56,56,137,56,57,55,56,56,56,56,
56,56,56,56,56,56,56,57,3,3,3,3,56,56,57,3,
56,56,56,56,56,56,56,3,3,3,3,3,55,57,3,3,
56,56,56,56,56,56,57,3,3,3,3,3,3,3,3,3,
56,56,56,56,56,3,3,3,3,3,3,3,3,3,3,3,
56,56,56,56,56,19,39,3,3,3,3,3,3,3,3,3,
56,56,56,56,56,19,56,3,3,3,3,3,37,39,3,3,
56,56,56,56,56,19,56,39,3,3,3,3,56,56,39,3,
56,56,56,56,56,19,56,56,38,38,39,37,56,56,56,38,
56,56,56,56,56,19,56,56,56,56,56,56,56,56,56,56

1
market

6
fat_dog-o 2 14 6 11 3
octorok-b 3 10 4 14 7 11 8
fat_dog-o 1 8 4
