56,56,56,19,56,56,56,56,56,56,56,56,56,56,56,56,
56,56,56,19,56,56,56,56,56,56,56,56,56,56,56,56,
3,3,3,3,3,3,3,3,3,3,3,3,56,56,56,56,
3,3,3,3,3,3,37,56,56,39,3,3,56,56,56,56,
3,3,3,3,3,37,56,56,56,56,39,3,55,56,56,56,
3,3,3,3,3,56,56,56,56,56,56,3,3,3,3,3,
3,3,3,3,3,55,56,56,56,56,57,3,3,3,3,3,
3,3,3,3,3,3,3,3,3,3,3,3,3,3,3,3,
3,3,3,3,3,3,3,3,3,3,3,3,3,3,3,3,
38,38,38,38,38,38,38,38,38,38,38,38,38,38,38,38,
56,56,56,56,56,56,56,56,56,56,56,56,56,56,56,56

1
market

4
octorok-b 3 9 3 10 3 10 4
fat_dog-o 1 10 4
