26,26,26,26,26,26,26,26,26,26,26,26,26,26,26,26,
26,26,26,26,26,26,26,26,26,26,26,26,26,26,26,26,
3,3,3,3,3,3,3,3,3,3,3,3,3,26,26,26,
26,26,26,26,26,26,26,26,26,26,26,26,3,26,26,26,
26,26,26,26,26,26,26,26,26,26,26,26,3,3,3,3,
26,26,26,26,26,26,26,26,26,26,26,26,3,3,3,3,
26,26,26,26,26,26,26,26,26,26,26,26,3,3,3,3,
26,26,26,26,26,26,26,26,26,26,26,26,3,26,26,26,
3,3,3,3,3,26,26,26,26,26,26,26,3,26,26,26,
26,26,26,26,3,26,26,26,26,26,26,26,3,26,26,26,
26,26,26,26,3,26,26,26,26,26,26,26,3,26,26,26


1
market

6
fat_dog-o 2 12 5 3 8
octorok-b 4 4 2 3 8 0 2 13 5
