26,26,26,26,3,26,26,26,26,26,26,26,3,26,26,26,
26,26,26,26,3,26,26,26,26,26,26,26,3,26,26,26,
26,26,26,26,3,26,26,3,3,3,3,3,3,3,3,3,
26,26,26,26,3,26,3,3,3,3,3,3,3,26,26,26,
3,3,3,3,3,26,3,3,3,3,3,3,3,26,26,26,
3,3,3,3,3,26,3,3,3,3,3,3,3,26,26,26,
3,3,3,3,3,26,3,3,3,3,3,3,3,26,26,26,
26,26,26,26,26,26,3,3,3,3,3,3,3,26,26,26,
26,26,26,26,26,26,26,3,3,3,3,3,3,3,3,3,
26,26,26,26,26,26,26,26,26,26,26,26,26,26,26,26,
26,26,26,26,26,26,26,26,26,26,26,26,26,26,26,26

1
market

3
fat_dog-o 2 16 3 11 5
fat_dog-o 1 16 9
