56,56,56,56,56,56,56,56,56,56,56,56,56,56,56,56,
56,56,56,56,56,56,56,56,56,56,56,56,56,56,56,56,
3,3,3,3,3,3,3,3,3,3,3,3,3,3,3,3,
3,3,3,3,3,3,3,3,3,3,3,3,3,3,3,3,
3,3,3,3,3,3,3,3,3,3,3,3,3,3,3,3,
3,3,3,3,3,3,3,3,3,3,3,3,3,3,3,3,
74,74,74,74,74,74,74,74,74,74,74,74,74,74,74,74,
92,92,92,92,92,92,92,92,92,92,92,92,92,92,92,92,
92,92,92,92,92,92,92,92,92,92,92,92,92,92,92,92,
92,92,92,92,92,92,92,92,92,92,92,92,92,92,92,92,
92,92,92,92,92,92,92,92,92,92,92,92,92,92,92,92

1
market

2
fat_dog-o 2 2 5 6 8
