56,56,56,56,56,56,56,56,56,56,56,56,56,56,56,56,
56,56,56,56,56,56,57,55,56,56,56,56,56,56,56,56,
3,3,55,56,56,57,3,3,3,3,55,56,56,56,56,56,
3,3,3,55,57,3,3,3,3,3,3,55,56,56,56,56,
3,3,3,3,3,3,3,3,3,3,3,3,55,56,56,56,
3,3,3,3,3,3,3,3,3,3,3,3,3,3,55,56,
3,3,3,3,3,3,3,3,3,3,3,3,3,3,3,56,
3,3,3,37,39,3,3,3,3,3,3,3,3,3,3,56,
3,3,37,56,56,39,3,3,3,3,3,3,3,3,37,56,
38,38,56,56,56,56,38,38,38,38,38,38,38,19,56,56,
56,56,56,56,56,56,56,56,56,56,56,56,56,19,56,56

1
market

5
octorok-b 1 8 7
octorok-b 1 10 4
fat_dog-o 1 12 4
fat_dog-o 2 5 6 8 7
