56,56,19,56,56,56,56,3,3,91,92,92,92,92,92,92,
56,56,19,56,56,56,57,3,3,91,92,92,92,92,92,92,
56,56,19,56,3,3,3,3,3,91,92,92,92,92,92,92,
56,56,19,56,3,3,3,3,3,91,92,92,92,92,92,92,
56,56,19,57,3,3,3,3,3,109,110,110,110,110,110,110,
3,3,3,3,3,3,3,3,3,3,3,3,3,3,3,3,
3,3,3,3,3,3,3,3,3,3,3,3,3,3,3,3,
3,3,3,3,3,3,3,3,3,3,3,3,3,3,3,3,
3,3,3,3,3,3,3,3,3,3,3,3,3,3,3,3,
38,38,38,38,38,38,38,3,3,38,38,38,38,38,38,38,
56,56,56,56,56,56,56,3,3,56,56,56,56,56,56,56

1
market

6
octorok-b 2 7 7 8 2
octorok-b 4 1 6 5 3 8 7 5 7
