26,26,26,26,26,26,26,3,3,26,26,26,26,26,26,26,
26,26,26,26,26,26,26,3,3,26,26,26,26,26,26,26,
26,3,3,3,3,3,3,3,3,3,3,3,3,3,3,26,
26,3,26,3,26,3,3,3,3,3,3,26,3,3,3,26,
26,3,3,3,3,3,27,3,3,27,3,3,3,26,3,26,
26,3,26,3,26,3,3,3,3,3,3,26,3,3,3,26,
26,3,3,3,3,3,3,3,3,3,3,3,3,26,3,26,
26,3,26,3,26,3,3,3,3,3,3,26,3,3,3,26,
26,3,3,3,3,3,3,3,3,3,3,3,3,3,3,26,
26,3,26,3,26,3,26,3,3,26,3,26,3,26,3,26,
26,3,26,3,26,3,26,3,3,26,3,26,3,26,3,26

1
market

8
octorok-b 5 8 8 8 8 12 4 13 8 13 7
octorok-b 1 8 4
octorok-b 2 3 7 3 1
