26,3,26,3,26,3,26,3,3,26,3,26,3,26,3,26,
26,3,26,3,26,3,26,3,3,26,3,26,3,26,3,26,
26,3,3,3,3,3,3,3,3,3,3,3,3,3,3,26,
26,3,3,3,3,3,26,3,3,3,3,26,3,3,3,26,
3,3,26,3,26,3,3,3,3,26,3,3,3,26,3,3,
3,3,3,3,3,3,26,3,3,3,3,26,3,3,3,3,
3,3,26,3,26,3,3,3,3,26,3,3,3,26,3,3,
26,3,3,3,3,3,26,3,3,3,3,26,3,3,3,26,
26,3,3,3,3,3,3,3,3,3,3,3,3,3,3,26,
26,26,26,3,26,26,26,26,26,26,26,26,3,26,26,26,
26,26,26,3,26,26,26,26,26,26,26,26,3,26,26,26

1
market

10
octorok-b 10 6 6 8 9 13 1 9 4 13 10 15 5 14 9 9 6 6 7 4 4
