26,26,26,3,26,26,26,26,26,26,26,26,3,26,26,26,
26,26,26,3,26,26,26,26,26,26,26,26,3,26,26,26,
26,26,26,3,26,26,26,26,26,26,26,26,3,26,26,26,
26,26,26,3,26,26,26,26,26,26,26,26,3,26,26,26,
3,3,3,3,3,3,3,3,3,3,3,3,3,3,3,3,
3,3,3,3,3,3,3,3,3,3,3,3,3,3,3,3,
3,3,3,3,3,3,3,3,3,3,3,3,3,3,3,3,
26,26,26,3,26,26,26,26,26,26,26,26,3,26,26,26,
26,26,26,3,26,26,26,26,26,26,26,26,3,26,26,26,
26,26,26,3,26,26,26,26,26,26,26,26,3,26,26,26,
26,26,26,3,26,26,26,26,26,26,26,26,3,26,26,26

1
market

7
octorok-b 7 13 4 3 0 9 6 9 4 3 8 3 10 12 10
