26,26,26,3,26,26,26,26,26,26,26,26,3,26,26,26,
26,26,26,3,26,26,26,26,26,26,26,26,3,26,26,26,
3,3,3,3,3,3,3,3,3,3,26,3,3,26,26,26,
26,26,3,3,26,26,26,26,26,26,26,26,3,26,26,26,
26,26,3,3,26,26,26,26,26,26,26,26,3,3,3,3,
26,26,3,3,26,26,26,26,26,26,26,26,3,3,3,3,
26,26,3,3,26,26,26,26,26,26,26,26,3,3,3,3,
26,26,3,3,26,26,26,26,26,26,26,26,26,26,26,26,
3,3,3,3,26,26,26,26,26,26,26,26,26,26,26,26,
26,26,26,26,26,26,26,26,26,26,26,26,26,26,26,26,
26,26,26,26,26,26,26,26,26,26,26,26,26,26,26,26

1
market

10
octorok-b 9 14 5 4 3 8 9 4 7 4 11 13 5 13 5 2 9 13 6
fat_dog-o 1 6 9
