92,92,92,92,92,92,92,92,92,92,92,92,92,92,92,92,
92,92,92,92,92,92,92,92,92,92,92,92,92,92,92,92,
92,92,92,92,92,92,92,92,92,92,92,92,92,92,92,92,
56,56,56,56,56,56,56,56,56,56,92,92,92,92,92,92,
56,56,56,56,56,137,56,56,56,56,92,92,92,92,92,92,
56,56,56,56,56,3,56,56,56,56,92,92,92,92,92,92,
56,56,56,56,56,3,56,56,56,56,92,92,92,92,92,92,
56,56,56,56,56,3,56,56,56,56,92,92,92,92,92,92,
56,56,56,56,56,19,56,56,56,56,92,92,92,92,92,92,
56,56,56,56,56,19,56,56,56,56,92,92,92,92,92,92,
56,56,56,56,56,19,56,56,56,56,92,92,92,92,92,92

1
market

2
fat_dog-o 1 5 3
octorok-b 1 5 4
