56,56,56,56,56,19,56,56,56,56,56,56,56,56,56,56,
56,56,56,56,56,19,56,56,56,56,56,56,137,56,56,56,
56,56,56,56,56,19,56,56,56,57,3,3,3,3,3,3,
56,56,56,56,56,19,56,56,56,3,3,3,3,3,3,3,
3,3,3,3,3,3,3,56,56,3,3,3,3,3,3,3,
3,3,3,3,3,3,3,3,3,3,3,3,3,3,3,3,
74,74,74,74,74,74,74,56,56,3,3,3,3,3,3,3,
92,92,92,92,92,92,92,56,56,3,3,3,3,3,3,3,
92,92,92,92,92,92,92,56,56,3,3,3,3,3,3,3,
92,92,92,92,92,92,92,56,56,38,38,38,38,38,38,38,
92,92,92,92,92,92,92,56,56,56,56,56,56,56,56,56


1
market

7
fat_dog-o 1 10 3
octorok-b 1 13 3
fat_dog-o 5 4 6 12 3 1 6 12 5 10 6
