92,92,92,92,92,92,92,92,92,92,92,92,92,92,92,92,
92,92,92,92,92,92,92,92,92,92,92,92,92,92,92,92,
92,92,92,92,92,92,92,92,92,92,92,92,92,92,92,92,
92,92,92,92,92,92,92,92,92,92,92,92,92,92,92,92,
110,110,110,110,110,110,110,110,92,92,92,92,92,92,92,92,
3,3,3,3,3,3,3,3,134,92,92,92,92,92,92,92,
3,3,3,3,3,3,3,3,3,91,92,92,92,92,92,92,
3,3,3,3,3,3,3,3,3,91,92,92,92,92,92,92,
3,3,3,3,3,3,3,3,3,91,92,92,92,92,92,92,
38,38,3,3,3,3,3,3,3,91,92,92,92,92,92,92,
56,56,3,3,3,3,3,3,3,91,92,92,92,92,92,92

1
market

3
fat_dog-o 3 8 1 7 4 9 2
