56,56,3,3,3,3,3,3,3,91,92,92,92,92,92,92,
56,56,3,3,3,3,3,3,3,91,92,92,92,92,92,92,
56,56,3,3,3,3,3,3,3,91,92,92,92,92,92,92,
56,56,3,3,3,3,3,3,3,91,92,92,92,92,92,92,
56,56,3,3,3,3,3,3,3,109,110,110,110,110,110,110,
56,56,3,3,3,3,3,3,3,3,3,3,3,3,3,3,
56,56,3,3,3,3,3,3,3,3,3,3,3,3,3,3,
56,56,3,3,3,3,3,3,3,3,3,3,3,3,3,3,
56,56,39,3,3,3,3,3,3,3,3,3,3,3,3,3,
56,56,56,38,38,38,38,38,38,38,38,38,38,38,38,38,
56,56,56,56,56,56,56,56,56,56,56,56,56,56,56,56


1
market

4
fat_dog-o 2 8 10 14 4
octorok-b 2 8 9 5 4
