26,26,26,26,26,26,26,26,26,26,26,26,26,26,26,26,
26,26,26,26,26,26,26,26,26,26,26,26,26,26,26,26,
26,26,3,3,3,3,3,3,3,3,3,3,3,3,26,26,
26,3,3,3,3,3,3,3,3,3,3,3,3,3,3,26,
3,3,3,3,3,27,3,3,3,3,27,3,3,3,3,26,
3,3,3,3,3,3,3,3,3,3,3,3,3,3,3,26,
3,3,3,3,3,3,3,3,3,3,3,3,3,3,3,26,
26,3,3,3,3,3,3,3,3,3,3,3,3,3,3,26,
26,26,3,3,3,3,3,3,3,3,3,3,3,3,26,26,
26,26,26,26,26,26,26,26,26,26,26,26,26,26,26,26,
26,26,26,26,26,26,26,26,26,26,26,26,26,26,26,26


1
market

9
fat_dog-o 2 8 7 8 8
fat_dog-o 7 10 3 11 7 11 4 4 2 2 3 2 7 14 7
