62,62,62,62,62,62,62,62,62,62,62,62,62,62,62,62,
62,62,62,62,62,63,61,137,62,62,62,62,62,62,62,62,
62,63,3,3,3,3,3,3,61,62,62,63,3,3,61,62,
63,3,3,3,3,3,3,3,3,61,63,3,3,3,3,62,
3,3,3,3,26,3,3,3,3,3,3,3,26,3,3,62,
3,3,3,3,3,3,3,3,3,3,3,3,3,3,3,62,
3,3,3,3,26,3,3,3,3,3,3,3,26,3,3,62,
45,3,3,3,3,3,3,3,3,43,45,3,3,3,3,62,
62,45,3,3,3,3,3,3,43,62,62,45,3,3,43,62,
62,62,44,44,44,45,43,44,62,62,62,62,44,44,62,62,
62,62,62,62,62,62,62,62,62,62,62,62,62,62,62,62

1
market

7
fat_dog-o 2 4 3 3 7
octorok-b 3 8 3 1 7 7 6
fat_dog-o 1 13 3
octorok-b 1 14 9
