26,26,26,26,26,26,26,26,26,26,26,26,26,26,26,26,
26,26,26,26,26,26,26,26,26,26,26,26,26,26,26,26,
26,26,3,3,3,3,3,3,3,3,3,3,3,3,3,3,
26,3,3,26,26,26,3,3,3,3,3,3,3,3,3,3,
3,3,3,3,3,3,3,3,3,3,26,26,26,26,3,3,
3,3,3,26,26,26,3,26,26,3,3,3,3,3,3,3,
3,3,3,3,3,3,3,3,3,3,26,26,26,26,3,3,
26,3,3,26,26,26,3,3,3,3,3,3,3,3,3,3,
26,26,3,3,3,3,3,3,3,3,3,3,3,3,3,3,
26,26,26,26,26,26,26,26,26,26,26,26,26,26,26,26,
26,26,26,26,26,26,26,26,26,26,26,26,26,26,26,26

1
market

9
octorok-b 1 4 7
fat_dog-o 4 6 7 9 7 12 3 9 7
octorok-b 1 16 8
octorok-b 1 8 5
octorok-b 1 3 6
fat_dog-o 1 2 8
