56,56,56,56,56,56,56,56,56,56,56,56,56,56,56,56,
56,56,56,56,56,56,56,56,56,56,56,56,56,56,56,56,
3,3,56,56,56,56,56,56,56,56,56,56,56,56,56,56,
3,3,55,56,57,55,56,56,56,57,55,56,57,55,57,55,
3,3,3,3,3,3,3,3,3,3,3,3,3,3,3,3,
3,3,3,3,3,3,3,3,3,3,3,3,3,3,3,3,
74,74,74,74,74,74,74,74,74,74,74,74,74,74,74,74,
92,92,92,92,92,92,92,92,92,92,92,92,92,92,92,92,
92,92,92,92,92,92,92,92,92,92,92,92,92,92,92,92,
92,92,92,92,92,92,92,92,92,92,92,92,92,92,92,92,
92,92,92,92,92,92,92,92,92,92,92,92,92,92,92,92

1
market

6
octorok-b 2 8 7 11 6
fat_dog-o 4 15 6 11 6 9 6 8 7
