92,56,56,56,56,56,56,56,56,56,56,56,56,56,56,92,
92,56,56,56,56,56,56,56,56,56,56,56,56,56,56,92,
92,56,3,3,3,3,3,3,3,3,3,3,3,3,56,92,
92,56,3,3,40,42,3,40,41,42,3,40,42,3,56,92,
92,56,3,3,58,60,3,58,137,60,3,58,60,3,56,92,
92,56,3,3,3,3,3,3,3,3,3,3,3,3,56,92,
92,56,3,3,3,3,3,3,3,3,3,3,3,3,56,92,
92,56,3,3,3,3,3,3,3,3,3,3,3,3,56,92,
92,56,3,3,3,3,3,3,3,3,3,3,3,3,56,92,
92,56,38,38,38,38,38,38,19,38,38,38,38,38,56,92,
92,56,56,56,56,56,56,56,19,56,56,56,56,56,56,92

1
market

6
fat_dog-o 1 14 4
fat_dog-o 2 12 9 13 4
octorok-b 1 7 4
fat_dog-o 1 7 9
octorok-b 1 4 8
