56,56,56,56,56,56,56,56,56,56,56,56,56,56,56,92,
56,56,56,56,56,56,56,56,56,56,56,56,56,56,56,92,
3,3,3,3,3,3,3,3,3,3,3,3,3,3,56,92,
3,3,10,12,3,10,11,12,3,3,10,12,3,3,56,92,
3,3,28,30,3,28,137,30,3,3,28,30,3,3,56,92,
3,3,3,3,3,3,3,3,3,3,3,3,3,3,56,92,
3,3,3,3,10,12,3,3,10,12,3,10,12,3,56,92,
3,3,3,3,28,30,3,3,28,30,3,28,30,3,56,92,
3,3,3,3,3,3,3,3,3,3,3,3,3,3,56,92,
38,38,38,38,38,38,38,38,38,38,38,38,38,38,56,92,
56,56,56,56,56,56,56,56,56,56,56,56,56,56,56,92

1
market

7
fat_dog-o 4 3 4 7 8 6 2 4 5
octorok-b 1 5 5
fat_dog-o 1 8 6
octorok-b 1 4 6
