56,56,56,56,56,3,3,3,3,91,92,92,92,92,92,92,
56,56,56,56,57,3,3,3,3,91,92,92,92,92,92,92,
56,56,56,56,3,3,3,3,3,91,92,92,92,92,92,92,
56,56,56,56,3,3,3,3,3,91,92,92,92,92,92,92,
56,56,56,57,3,3,3,3,3,91,92,92,92,92,92,92,
56,56,57,3,3,3,3,3,3,91,132,92,132,92,92,92,
56,56,3,3,3,3,3,3,3,91,92,92,92,92,92,92,
56,56,3,3,3,3,3,3,3,91,92,92,92,92,92,92,
56,56,39,3,3,3,3,3,3,91,92,92,92,92,92,92,
56,56,56,38,39,3,3,3,3,91,92,92,92,92,92,92,
56,56,56,56,56,3,3,3,3,91,92,92,92,92,92,92


1
market

8
fat_dog-o 5 7 8 7 6 6 3 8 2 5 7
octorok-b 1 6 2
fat_dog-o 2 5 0 6 1
