56,56,56,56,56,3,3,3,3,91,92,92,92,92,92,92,
56,56,56,56,57,3,3,3,3,91,92,92,92,92,92,92,
56,56,56,56,3,3,3,3,3,91,92,92,92,92,92,92,
56,56,56,56,3,3,3,3,3,91,92,92,92,92,92,92,
56,56,56,57,3,3,3,3,3,91,92,92,92,92,92,92,
56,56,57,3,3,3,3,3,3,91,132,92,132,92,92,92,
56,56,3,3,3,3,3,3,3,91,92,92,92,92,92,92,
56,56,3,3,3,3,3,3,3,91,92,92,92,92,92,92,
56,56,39,3,3,3,3,3,3,91,92,92,92,92,92,92,
56,56,56,38,39,3,3,3,3,91,92,92,92,92,92,92,
56,56,56,56,56,3,3,3,3,91,92,92,92,92,92,92

1
market

5
fat_dog-o 2 9 10 7 7
fat_dog-o 1 7 10
octorok-b 2 8 10 6 2
